error
done
done
done
done
done
done
done
done
done
done
done
done
done
done
done
done
done
done
done
91 1 85 43 5 37 65 97 29 8 16 95 61 63 17 19 67 33 30 70 69 99 49 52 31 18 87 53 73 59 10 22 76 86 39 4 11 35 23 96 45 94 2 88 89 48 14 54 68 58 50 13 9 40 27 57 24 26 93 64 15 60 74 36 46 42 7 21 72 82 44 79 80 66 77 55 47 12 32 3 90 20 92 62 41 71 51 34 28 84 25 98 6 38 43 84 75 32 79 18 58 8 36 53 60 31 71 68 87 44 28 45 30 7 22 69 23 35 55 94 33 50 49 61 98 19 66 37 11 47 10 65 48 78 82 17 1 72 24 63 99 76 77 15 51 95 70 3 83 46 25 54 73 42 5 67 20 74 72 93 90 55 9 37 80 14 91 26 21 88 78 86 40 57 76 59 62 61 60 6 4 85 84 7 42 33 70 87 17 2 53 8 28 74 48 35 51 63 11 24 23 92 38 16 67 32 49 5 46 27 68 54 20 47 10 50 13 89 66 71 79 41 15 56 96 77 82 12 62 99 65 83 64 19 39 34 25 94 22 95 36 73 29 58 45 31 30 52 43 44 81 1 18 75 69 98 48 56 15 18 12 99 78 97 55 89 3 28 91 22 42 96 41 71 68 51 94 86 54 83 9 4 32 66 2 80 45 19 35 34 75 13 90 17 61 31 40 30 50 43 76 21 29 73 27 65 82 77 67 84 85 25 53 98 6 57 70 59 87 64 36 47 23 24 69 33 94 83 3 54 71 19 49 55 36 99 43 84 26 11 59 51 91 21 12 69 35 67 25 31 87 16 52 82 88 22 75 37 78 47 62 85 6 65 50 57 20 56 24 76 98 38 2 28 90 4 23 32 63 70 15 66 18 9 74 86 79 77 53 58 95 60 64 7 41 14 45 93 8 44 40 72 17 97 61 27 42 96 30 68 29 34 80 89 48 81 92 46 39 77 80 51 70 84 5 74 87 92 75 34 17 95 11 76 90 22 68 35 38 20 56 99 82 30 71 69 96 46 36 47 16 72 4 42 60 49 18 12 9 94 3 62 58 28 88 52 10 48 25 89 67 1 85 23 97 8 43 66 14 27 83 21 63 13 15 55 79 91 6 65 41 2 64 45 59 57 81 24 26 78 33 39 73 29 44 86 50 61 32 37 98 19 93 31 54 40 53 7 46 29 15 62 38 6 71 36 99 73 85 66 17 50 88 16 58 22 55 25 81 39 96 70 77 24 33 75 53 48 44 61 80 57 87 94 12 3 69 68 31 76 64 42 35 92 20 72 27 95 67 91 13 34 84 79 2 74 5 56 78 52 26 14 63 18 7 19 10 97 4 51 98 9 32 40 59 54 60 28 1 90 49 45 23 86 82 8 47 37 21 43 41 11 30 83 89 65 93 6 65 39 14 21 34 23 59 97 25 84 64 45 50 17 24 51 86 62 70 41 27 12 37 85 55 44 46 10 72 80 83 9 92 47 54 31 49 22 98 76 61 20 69 88 33 7 74 40 3 38 13 32 77 93 48 53 82 71 75 29 79 36 99 28 57 78 91 90 52 26 4 5 67 81 43 73 2 42 58 63 11 87 16 89 68 19 94 56 60 18 15 8 95 1 30 96 35 66
done
done
done
done
done
done
done
91 1 85 43 5 37 65 97 29 8 16 95 61 63 17 19 67 33 30 70 69 99 49 52 31 18 87 53 49 73 59 10 22 76 86 39 4 11 35 23 96 45 94 2 88 48 14 54 68 58 50 13 9 40 85 27 57 24 26 93 64 15 60 74 36 46 42 7 21 72 82 44 79 80 66 77 55 47 12 32 3 90 20 92 62 41 71 51 34 28 84 25 98 6 38 43 84 75 32 79 18 58 8 36 53 60 31 71 68 87 44 28 45 30 7 22 69 23 35 55 94 33 50 49 61 98 19 66 37 11 47 10 65 48 78 82 17 1 72 24 63 99 76 77 15 51 95 70 3 83 46 25 54 73 42 5 67 20 74 72 93 90 55 9 37 80 14 91 26 21 88 78 86 40 57 76 59 62 61 60 6 4 85 84 7 42 33 70 87 17 2 53 8 28 74 48 35 51 63 11 24 23 92 38 16 67 32 49 5 46 27 68 54 20 47 10 50 13 89 66 71 79 41 15 56 96 77 82 12 62 99 65 83 64 19 39 34 25 94 22 95 36 73 29 58 45 31 30 52 43 44 81 1 18 75 69 98 48 56 15 18 12 99 78 97 55 89 3 28 91 22 42 96 41 71 68 51 94 86 54 83 9 4 32 66 2 80 45 19 35 34 75 13 90 17 61 31 40 30 50 43 76 21 29 73 27 65 82 77 67 84 85 25 53 98 6 57 70 59 87 64 36 47 23 24 69 33 94 83 3 54 71 19 49 55 36 99 43 84 26 11 59 51 91 21 12 69 35 67 25 31 87 16 52 82 88 22 75 37 78 47 62 85 6 65 50 57 20 56 24 76 98 38 2 28 90 4 23 32 63 70 15 66 18 9 74 86 79 77 53 58 95 60 64 7 41 14 45 93 8 44 40 72 17 97 61 27 42 96 30 68 29 34 80 89 48 81 92 46 39 77 80 51 70 84 5 74 87 92 75 34 17 95 11 76 90 22 68 35 38 20 56 99 82 30 71 69 96 46 36 47 16 72 4 42 60 49 18 12 9 94 3 62 58 28 88 52 10 48 25 89 67 1 85 23 97 8 43 66 14 27 83 21 63 13 15 55 79 91 6 65 41 2 64 45 59 57 81 24 26 78 33 39 73 29 44 86 50 61 32 37 98 19 93 31 54 40 53 7 46 29 15 62 38 6 71 36 99 73 85 66 17 50 88 16 58 22 55 25 81 39 96 70 77 24 33 75 53 48 44 61 80 57 87 94 12 3 69 68 31 76 64 42 35 92 20 72 27 95 67 91 13 34 84 79 2 74 5 56 78 52 26 14 63 18 7 19 10 97 4 51 98 9 32 40 59 54 60 28 1 90 49 45 23 86 82 8 47 37 21 43 41 11 30 83 89 65 93 6 65 39 14 21 34 23 59 97 25 84 64 45 50 17 24 51 86 62 70 41 27 12 37 85 55 44 46 10 72 80 83 9 92 47 54 31 49 22 98 76 61 20 69 88 33 7 74 40 3 38 13 32 77 93 48 82 71 75 29 79 36 99 28 57 91 90 52 26 4 5 67 81 43 73 2 42 58 63 11 87 16 89 68 19 94 56 60 18 15 8 95 1 30 96 35 66
done
91 1 85 43 5 37 65 97 29 8 16 95 61 63 17 19 67 33 30 70 69 99 49 52 31 18 87 53 49 73 59 10 22 76 86 39 4 11 35 23 96 45 94 2 88 48 14 54 68 58 50 13 9 40 85 27 57 24 26 93 64 15 60 74 36 46 42 7 21 72 82 44 79 80 66 77 55 47 12 32 3 90 20 92 62 41 71 51 34 28 84 25 98 6 38 43 84 75 32 79 18 58 8 36 53 60 31 71 68 87 44 28 45 30 7 22 69 23 35 55 94 33 50 49 61 98 19 66 37 11 47 10 65 48 78 82 17 1 72 24 63 99 76 77 15 51 95 70 3 83 46 25 54 73 42 5 67 20 74 72 93 90 55 9 37 80 14 91 26 21 88 78 86 40 57 76 59 62 61 60 6 4 85 84 7 42 33 70 87 17 2 53 8 28 74 48 35 51 63 11 24 23 92 38 16 67 32 49 5 46 27 68 54 20 47 10 50 13 89 66 71 79 41 15 56 96 77 82 12 62 99 65 83 64 19 39 34 25 94 22 95 36 73 29 58 45 31 30 52 43 44 81 1 18 75 69 98 48 56 15 18 12 99 78 97 55 89 3 28 91 22 42 96 41 71 68 51 94 86 54 83 9 4 32 66 2 80 45 19 35 34 75 13 90 17 61 31 40 30 50 43 76 21 29 73 27 65 82 77 67 84 85 25 53 98 6 57 70 59 87 64 36 47 23 24 69 33 94 83 3 54 71 19 49 55 36 99 43 84 26 11 59 51 91 21 12 69 35 67 25 31 87 16 52 82 88 22 75 37 78 47 62 85 6 65 50 57 20 56 24 76 98 38 2 28 90 4 23 32 63 70 15 66 18 9 74 86 79 77 53 58 95 60 64 7 41 14 45 93 8 44 40 72 17 97 61 27 42 96 30 68 29 34 80 89 48 81 92 46 39 77 80 51 70 84 5 74 87 92 75 34 17 95 11 76 90 22 68 35 38 20 56 99 82 30 71 69 96 46 36 47 16 72 4 42 60 49 18 12 9 94 3 62 58 28 88 52 10 48 25 89 67 1 85 23 97 8 43 66 14 27 83 21 63 13 15 55 79 91 6 65 41 2 64 45 59 57 81 24 26 78 33 39 73 29 44 86 50 61 32 37 98 19 93 31 54 40 53 7 46 29 15 62 38 6 71 36 99 73 85 66 17 50 88 16 58 22 55 25 81 39 96 70 77 24 33 75 53 48 44 61 80 57 87 94 12 3 69 68 31 76 64 42 35 92 20 72 27 95 67 91 13 34 84 79 2 74 5 56 78 52 26 14 63 18 7 19 10 97 4 51 98 9 32 40 59 54 60 28 1 90 49 45 23 86 82 8 47 37 21 43 41 11 30 83 89 65 93 6 65 39 14 21 34 23 59 97 25 84 64 45 50 17 24 51 86 62 70 41 27 12 37 85 55 44 46 10 72 80 83 9 92 47 54 31 49 22 98 76 61 20 69 88 33 7 74 40 3 38 13 32 77 93 48 82 71 75 29 79 36 99 28 57 91 90 52 26 4 5 67 81 43 73 2 42 58 63 11 87 16 89 68 19 94 56 60 18 15 8 95 1 30 96 35 66 32 53 20 60 38 82 90 81 4 68 10 75 52 71 67 89 66 94 36 45 44 34 35 54 12 70 86 65 42 99 56 24 41 80 61 73 91 25 14 96 22 84 19 97 9 51 74 11 39 47 30 88 15 62 17 87 28 95 27 31 37 93 59 26 78 43 50 83 72 3 48 64 7 18 79 58 76 8 49 21 40 2 16 92 1 57 6 23 13 29 69 63 77 46 33
done
91 1 85 43 5 37 65 97 29 8 16 95 61 63 17 19 67 33 30 70 69 99 49 52 31 18 87 53 49 73 59 10 22 76 86 39 4 11 35 23 96 45 94 2 88 48 14 54 68 58 50 13 9 40 85 27 57 24 26 93 64 15 60 74 36 46 42 23 7 21 72 82 44 79 80 66 77 55 47 12 32 3 90 20 92 62 41 71 51 34 28 84 25 98 6 38 43 84 75 32 79 18 58 8 36 53 60 31 71 68 87 44 28 45 30 7 22 69 23 35 55 94 33 50 49 61 98 19 66 37 11 47 10 65 48 78 82 17 1 72 24 63 99 76 77 15 51 95 70 3 83 46 25 54 73 42 5 67 20 74 72 93 90 55 9 37 80 14 91 26 21 88 78 86 40 57 76 59 62 61 60 6 4 85 84 7 42 33 70 87 17 2 53 8 28 74 48 35 51 63 11 24 23 92 38 16 67 32 49 5 46 27 68 54 20 47 10 50 13 89 66 71 79 41 15 56 96 77 82 12 62 99 65 83 64 19 39 34 25 94 22 95 36 73 29 58 45 31 30 52 43 44 81 1 18 75 69 98 48 56 15 18 12 99 78 97 55 89 3 28 91 22 42 96 41 71 68 51 94 86 54 83 9 4 32 66 2 80 45 19 35 34 75 13 90 17 61 31 40 30 50 43 76 21 29 73 27 65 82 77 67 84 85 25 53 98 6 57 70 59 87 64 36 47 23 24 69 33 94 83 3 54 71 19 49 55 36 99 43 84 26 11 59 51 91 21 12 69 35 67 25 31 87 16 52 82 88 22 75 37 78 47 62 85 6 65 50 57 20 56 24 76 98 38 2 28 90 4 23 32 63 70 15 66 18 9 74 86 79 77 53 58 95 60 64 7 41 14 45 93 8 44 40 72 17 97 61 27 42 96 30 68 29 34 80 89 48 81 92 46 39 77 80 51 70 84 5 74 87 92 75 34 17 95 11 76 90 22 68 35 38 20 56 99 82 30 71 69 96 46 36 47 16 72 4 42 60 49 18 12 9 94 3 62 58 28 88 52 10 48 25 89 67 1 85 23 97 8 43 66 14 27 83 21 63 13 15 55 79 91 6 65 41 2 64 45 59 57 81 24 26 78 33 39 73 29 44 86 50 61 32 37 98 19 93 31 54 40 53 7 46 29 15 62 38 6 71 36 99 73 85 66 17 50 88 16 58 22 55 25 81 39 96 70 77 24 33 75 53 48 44 61 80 57 87 94 12 3 69 68 31 76 64 42 35 92 20 72 27 95 67 91 13 34 84 79 2 74 5 56 78 52 26 14 63 18 7 19 10 97 4 51 98 9 32 40 59 54 60 28 1 90 49 45 23 86 82 8 47 37 21 43 41 11 30 83 89 65 93 6 65 39 14 21 34 23 59 97 25 84 64 45 50 17 24 51 86 62 70 41 27 12 37 85 55 44 46 10 72 80 83 9 92 47 54 31 49 22 98 76 61 20 69 88 33 7 74 40 3 38 13 32 77 93 48 82 71 75 29 79 36 99 28 57 91 90 52 26 4 5 67 81 43 73 2 42 58 63 11 87 16 89 68 19 94 56 60 18 15 8 95 1 30 96 35 66 32 53 20 60 38 82 90 81 4 68 10 75 52 71 67 89 66 94 36 45 44 34 35 54 12 70 86 65 42 99 56 24 41 80 61 73 91 25 14 96 22 84 19 97 9 51 74 11 39 47 30 88 15 62 17 87 28 95 27 31 37 93 59 26 78 43 50 83 72 3 48 64 7 18 79 58 76 8 49 21 40 2 16 92 1 57 6 23 13 29 69 63 77 46 33
done
done
done
done
done
91 1 85 43 5 37 65 97 29 8 16 95 61 63 17 19 67 33 30 70 69 99 49 52 31 18 87 53 49 73 59 10 22 76 86 39 4 11 35 23 96 45 94 2 88 48 14 54 68 58 50 13 9 40 85 27 57 24 26 93 64 15 60 74 36 46 42 23 7 21 72 82 19 44 79 80 66 77 55 47 12 32 3 90 20 92 62 41 71 51 34 28 84 25 98 6 38 43 84 75 32 79 18 58 8 36 53 60 31 71 68 87 44 28 45 30 7 22 69 23 35 55 94 33 50 49 61 98 19 66 37 11 47 10 65 48 78 82 17 1 72 24 63 99 76 77 15 51 95 70 3 83 46 25 54 73 42 5 67 20 74 72 93 90 55 9 37 80 14 91 26 21 88 78 86 40 57 76 59 62 61 60 6 4 85 84 7 42 33 70 87 17 2 53 8 28 74 48 35 51 63 11 24 23 92 38 16 67 32 49 5 46 27 68 54 20 47 10 50 13 89 66 71 79 41 15 56 96 77 82 12 62 99 65 83 64 19 39 34 25 94 22 95 36 73 29 58 45 31 30 52 43 44 81 1 18 75 69 98 48 56 15 18 12 99 78 97 55 89 3 28 91 22 42 96 41 71 68 51 94 86 54 83 9 4 32 66 2 80 45 19 35 34 75 13 90 17 61 31 40 30 50 43 76 21 29 73 27 65 82 77 67 84 85 25 53 98 6 57 70 59 87 64 36 47 23 24 69 33 94 83 3 54 71 19 49 55 36 99 43 84 26 11 59 51 91 21 12 69 35 67 25 31 87 16 52 82 88 22 75 37 78 47 62 85 6 65 50 57 20 56 24 76 98 38 2 28 90 4 23 32 63 70 15 66 18 9 74 86 79 77 53 58 95 60 64 7 41 14 45 93 8 44 40 72 17 97 61 27 42 96 30 68 29 34 80 89 48 81 92 46 39 77 80 51 70 84 5 74 87 92 75 34 17 95 11 76 90 22 68 35 38 20 56 99 82 30 71 69 96 46 36 47 16 72 4 42 60 49 18 12 9 94 3 62 58 28 88 52 10 48 25 89 67 1 85 23 97 8 43 66 14 27 83 21 63 13 15 55 79 91 6 65 41 2 64 45 59 57 81 24 26 78 33 39 73 29 44 86 50 61 32 37 98 19 93 31 54 40 53 7 46 29 15 62 38 6 71 36 99 73 85 66 17 50 88 16 58 22 55 25 81 39 96 70 77 24 33 75 53 48 44 61 80 57 87 94 12 3 69 68 31 76 64 42 35 92 20 72 27 95 67 91 13 34 84 79 2 74 5 56 78 52 26 14 63 18 7 19 10 97 4 51 98 9 32 40 59 54 60 28 1 90 49 45 23 86 82 8 47 37 21 43 41 11 30 83 89 65 93 6 65 39 14 21 34 23 59 97 25 84 64 45 50 17 24 51 86 62 70 41 27 12 37 85 55 44 46 10 72 80 83 9 92 47 54 31 49 22 98 76 61 20 69 88 33 7 74 40 3 38 13 32 77 93 48 82 71 75 29 79 36 99 28 57 91 90 52 26 4 5 67 81 43 73 2 42 58 63 11 87 16 89 68 19 94 56 60 18 15 8 95 1 30 96 35 66 32 53 20 60 38 82 90 81 4 68 10 75 52 71 67 89 66 94 36 45 44 34 35 54 12 70 86 65 42 99 56 24 41 80 61 73 91 25 14 96 22 84 19 97 9 51 74 11 39 47 30 88 15 62 17 87 28 95 27 31 37 93 59 26 78 43 50 83 72 3 48 64 7 18 79 58 76 8 49 21 40 2 16 92 1 57 6 23 13 29 69 63 77 46 33
91 1 85 43 5 37 65 97 29 8 16 95 61 63 17 19 67 33 30 70 69 99 49 52 31 18 87 53 49 73 59 10 22 76 86 39 4 11 35 23 96 45 94 2 88 48 14 54 68 58 50 13 9 40 85 27 57 24 26 93 64 15 60 74 36 46 42 23 7 21 72 82 19 44 79 80 66 77 55 47 12 32 3 90 20 92 62 41 71 51 34 28 84 25 98 6 38 43 84 75 32 79 18 58 8 36 53 60 31 71 68 87 44 28 45 30 7 22 69 23 35 55 94 33 50 49 61 98 19 66 37 11 47 10 65 48 78 82 17 1 72 24 63 99 76 77 15 51 95 70 3 83 46 25 54 73 42 5 67 20 74 72 93 90 55 9 37 80 14 91 26 21 88 78 86 40 57 76 59 62 61 60 6 4 85 84 7 42 33 70 87 17 2 53 8 28 74 48 35 51 63 11 24 23 92 38 16 67 32 49 5 46 27 68 54 20 47 10 50 13 89 66 71 79 41 15 56 96 77 82 12 62 99 65 83 64 19 39 34 25 94 22 95 36 73 29 58 45 31 30 52 43 44 81 1 18 75 69 98 48 56 15 18 12 99 78 97 55 89 3 28 91 22 42 96 41 71 68 51 94 86 54 83 9 4 32 66 2 80 45 19 35 34 75 13 90 17 61 31 40 30 50 43 76 21 29 73 27 65 82 77 67 84 85 25 53 98 6 57 70 59 87 64 36 47 23 24 69 33 94 83 3 54 71 19 49 55 36 99 43 84 26 11 59 51 91 21 12 69 35 67 25 31 87 16 52 82 88 22 75 37 78 47 62 85 6 65 50 57 20 56 24 76 98 38 2 28 90 4 23 32 63 70 15 66 18 9 74 86 79 77 53 58 95 60 64 7 41 14 45 93 8 44 40 72 17 97 61 27 42 96 30 68 29 34 80 89 48 81 92 46 39 77 80 51 70 84 5 74 87 92 75 34 17 95 11 76 90 22 68 35 38 20 56 99 82 30 71 69 96 46 36 47 16 72 4 42 60 49 18 12 9 94 3 62 58 28 88 52 10 48 25 89 67 1 85 23 97 8 43 66 14 27 83 21 63 13 15 55 79 91 6 65 41 2 64 45 59 57 81 24 26 78 33 39 73 29 44 86 50 61 32 37 98 19 93 31 54 40 53 7 46 29 15 62 38 6 71 36 99 73 85 66 17 50 88 16 58 22 55 25 81 39 96 70 77 24 33 75 53 48 44 61 80 57 87 94 12 3 69 68 31 76 64 42 35 92 20 72 27 95 67 91 13 34 84 79 2 74 5 56 78 52 26 14 63 18 7 19 10 97 4 51 98 9 32 40 59 54 60 28 1 90 49 45 23 86 82 8 47 37 21 43 41 11 30 83 89 65 93 6 65 39 14 21 34 23 59 97 25 84 64 45 50 17 24 51 86 62 70 41 27 12 37 85 55 44 46 10 72 80 83 9 92 47 54 31 49 22 98 76 61 20 69 88 33 7 74 40 3 38 13 32 77 93 48 82 71 75 29 79 36 99 28 57 91 90 52 26 4 5 67 81 43 73 2 42 58 63 11 87 16 89 68 19 94 56 60 18 15 8 95 1 30 96 35 66 32 53 20 60 38 82 90 81 4 68 10 75 52 71 67 89 66 94 36 45 44 34 35 54 12 70 86 65 42 99 56 24 41 80 61 73 91 25 14 96 22 84 19 97 9 51 74 11 39 47 30 88 15 62 17 87 28 95 27 31 37 93 59 26 78 43 50 83 72 3 48 64 7 18 79 58 76 8 49 21 40 2 16 92 1 57 6 23 13 29 69 63 77 46 33
done
done
done
done
done
33 46 77 63 69 29 13 23 6 57 1 92 16 2 40 21 49 8 76 58 79 18 7 64 48 3 72 83 50 43 78 26 59 93 37 31 27 95 28 87 17 62 15 30 47 39 11 5 74 51 9 97 19 84 22 96 14 25 91 73 61 80 41 24 56 99 42 65 86 70 12 54 35 34 44 45 36 94 66 89 67 71 52 75 10 68 4 81 90 82 38 60 20 53 32 66 35 96 30 1 95 8 15 18 60 56 94 19 68 89 16 87 11 63 58 42 2 73 43 81 67 5 4 26 52 90 91 57 28 99 36 79 29 75 71 82 48 93 77 32 13 38 3 40 74 7 33 88 69 20 61 76 98 22 49 31 54 47 92 9 83 80 72 10 46 44 55 85 37 12 27 41 70 62 86 51 24 17 50 45 64 84 25 97 59 23 34 21 14 39 65 6 93 65 89 83 30 11 41 43 21 37 47 8 82 86 23 45 49 90 1 28 60 54 59 40 32 9 98 51 4 97 10 19 7 18 63 14 26 52 78 56 5 74 2 79 84 34 13 91 67 95 27 72 20 92 35 42 64 76 31 68 69 3 12 94 87 57 80 61 44 48 53 75 33 24 77 70 96 39 81 25 55 22 58 16 88 50 17 66 85 73 99 36 71 6 38 62 15 29 46 7 53 40 54 31 93 19 98 37 32 61 50 86 44 29 73 39 33 78 26 24 81 57 59 45 64 2 41 65 6 91 79 55 15 13 63 21 83 27 14 66 43 8 97 23 85 1 67 89 25 48 10 52 88 28 58 62 3 94 9 12 18 49 60 42 4 72 16 47 36 46 96 69 71 30 82 99 56 20 38 35 68 22 90 76 11 95 17 34 75 92 87 74 5 84 70 51 80 77 39 46 92 81 48 89 80 34 29 68 30 96 42 27 61 97 17 72 40 44 8 93 45 14 41 7 64 60 95 58 53 77 79 86 74 9 18 66 15 70 63 32 23 4 90 28 2 38 98 76 24 56 20 57 50 65 6 85 62 47 78 37 75 22 88 82 52 16 87 31 25 67 35 69 12 21 91 51 59 11 26 84 43 99 36 55 49 19 71 54 3 83 94 33 69 24 23 47 36 64 87 59 70 57 6 98 53 25 85 84 67 77 82 65 27 73 29 21 76 43 50 30 40 31 61 17 90 13 75 34 35 19 45 80 2 66 32 4 9 83 54 86 94 51 68 71 41 96 42 22 91 28 3 89 55 97 78 99 12 18 15 56 48 98 69 75 18 1 81 44 43 52 30 31 45 58 29 73 36 95 22 94 25 34 39 19 64 83 65 99 62 12 82 77 96 56 15 41 79 71 66 89 13 50 10 47 20 54 68 27 46 5 49 32 67 16 38 92 23 24 11 63 51 35 48 74 28 8 53 2 17 87 70 33 42 7 84 85 4 6 60 61 62 59 76 57 40 86 78 88 21 26 91 14 80 37 9 55 90 93 72 74 20 67 5 42 73 54 25 46 83 3 70 95 51 15 77 76 99 63 24 72 1 17 82 78 48 65 10 47 11 37 66 19 98 61 49 50 33 94 55 35 23 69 22 7 30 45 28 44 87 68 71 31 60 53 36 8 58 18 79 32 75 84 43 38 6 98 25 84 28 34 51 71 41 62 92 20 90 3 32 12 47 55 77 66 80 79 44 19 82 72 21 7 23 42 46 36 74 60 15 64 93 26 24 57 27 85 40 9 13 50 58 68 54 14 48 88 2 94 45 96 23 35 11 4 39 86 76 22 10 59 73 49 53 87 18 31 52 49 99 69 70 30 33 67 19 17 63 61 95 16 8 29 97 65 37 5 43 85 1 91 83 14 11 67 35 60 99 94 77 86 46 64 29 56 58 5 51 84 1 40 74 59 22 81 89 54 76 7 49 53 18 87 17 93 78 3 95 82 75 6 28 98 62 9 25 88 2 37 72 61 71 80 47 38 63 97 24 34 31 50 33 24 70 53 97 75 81 58 47 13 94 46 52 57 43 5 82 79 39 83 10 14 34 95 77 4 65 2 21 51 26 48 7 78 22 1 76 74 19 31 44 50 23 28 60 37 62 66 12 32 55 85 35 29 9 18 36 40 67 49 98 73 38 71 69 84 45 61 63 16 92 93 25 54 96 8 90 15 3 42 86 89 64 6 11 99 59 80 41 91 68 17 20 56 88 27 30 87 72
done
done
33 46 77 63 69 29 13 23 6 57 1 92 16 2 40 21 49 8 76 58 79 18 63 7 64 48 3 72 83 50 43 78 26 59 93 37 31 27 95 17 28 87 17 62 15 30 47 39 11 5 74 51 9 97 19 84 22 96 14 25 91 73 61 80 41 24 56 99 42 65 86 70 12 54 35 34 44 45 36 94 66 89 67 71 52 75 10 68 4 81 90 82 38 60 20 53 32 66 35 96 30 1 95 8 15 18 60 56 94 19 68 89 16 87 11 63 58 42 2 73 43 81 67 5 4 26 52 90 91 57 28 99 36 79 29 75 71 82 48 93 77 32 13 38 3 40 74 7 33 88 69 20 61 76 98 22 49 31 54 47 92 9 83 80 72 10 46 44 55 85 37 12 27 41 70 62 86 51 24 17 50 45 64 84 25 97 59 23 34 21 14 39 65 6 93 65 89 83 30 11 41 43 21 37 47 8 82 86 23 45 49 90 1 28 60 54 59 40 32 9 98 51 4 97 10 19 7 18 63 14 26 52 78 56 5 74 2 79 84 34 13 91 67 95 27 72 20 92 35 42 64 76 31 68 69 3 12 94 87 57 80 61 44 48 53 75 33 24 77 70 96 39 81 25 55 22 58 16 88 50 17 66 85 73 99 36 71 6 38 62 15 29 46 7 53 40 54 31 93 19 98 37 32 61 50 86 44 29 73 39 33 78 26 24 81 57 59 45 64 2 41 65 6 91 79 55 15 13 63 21 83 27 14 66 43 8 97 23 85 1 67 89 25 48 10 52 88 28 58 62 3 94 9 12 18 49 60 42 4 72 16 47 36 46 96 69 71 30 82 99 56 20 38 35 68 22 90 76 11 95 17 34 75 92 87 74 5 84 70 51 80 77 39 46 92 81 48 89 80 34 29 68 30 96 42 27 61 97 17 72 40 44 8 93 45 14 41 7 64 60 95 58 53 77 79 86 74 9 18 66 15 70 63 32 23 4 90 28 2 38 98 76 24 56 20 57 50 65 6 85 62 47 78 37 75 22 88 82 52 16 87 31 25 67 35 69 12 21 91 51 59 11 26 84 43 99 36 55 49 19 71 54 3 83 94 33 69 24 23 47 36 64 87 59 70 57 6 98 53 25 85 84 67 77 82 65 27 73 29 21 76 43 50 30 40 31 61 17 90 13 75 34 35 19 45 80 2 66 32 4 9 83 54 86 94 51 68 71 41 96 42 22 91 28 3 89 55 97 78 99 12 18 15 56 48 98 69 75 18 1 81 44 43 52 30 31 45 58 29 73 36 95 22 94 25 34 39 19 64 83 65 99 62 12 82 77 96 56 15 41 79 71 66 89 13 50 10 47 20 54 68 27 46 5 49 32 67 16 38 92 23 24 11 63 51 35 48 74 28 8 53 2 17 87 70 33 42 7 84 85 4 6 60 61 62 59 76 57 40 86 78 88 21 26 91 14 80 37 9 55 90 93 72 74 20 67 5 42 73 54 25 46 83 3 70 95 51 15 77 76 99 63 24 72 1 17 82 78 48 65 10 47 11 37 66 19 98 61 49 50 33 94 55 35 23 69 22 7 30 45 28 44 87 68 71 31 60 53 36 8 58 18 79 32 75 84 43 38 6 98 25 84 28 34 51 71 41 62 92 20 90 3 32 12 47 55 77 66 80 79 44 19 82 72 21 7 23 42 46 36 74 60 15 64 93 26 24 57 27 85 40 9 13 50 58 68 54 14 48 88 2 94 45 96 23 35 11 4 39 86 76 22 10 59 73 49 53 87 18 31 52 49 99 69 70 30 33 67 19 17 63 61 95 16 8 29 97 65 37 5 43 85 1 91 83 14 11 67 35 60 99 94 77 86 46 64 29 56 58 5 51 84 1 40 74 59 22 81 89 54 76 7 49 53 18 87 17 93 78 3 95 82 75 6 28 98 62 9 25 88 2 37 72 61 71 80 47 38 63 97 24 34 31 50 33 24 70 53 97 75 81 58 47 13 94 46 52 57 43 5 82 79 39 83 10 14 34 95 77 4 65 2 21 51 26 48 7 78 22 1 76 74 19 31 44 50 23 28 60 37 62 66 12 32 55 85 35 29 9 18 36 40 67 49 98 73 38 71 69 84 45 61 63 16 92 93 25 54 96 8 90 15 3 42 86 89 64 6 11 99 59 80 41 91 68 17 20 56 88 27 30 87 72
done
done
33 46 77 63 69 29 33 13 23 6 57 1 92 16 2 40 21 49 8 76 58 79 18 63 7 64 48 3 72 83 50 43 78 26 59 93 37 31 27 95 17 28 87 17 62 15 30 47 39 11 5 74 51 9 97 19 84 6 22 96 14 25 91 73 61 80 41 24 56 99 42 65 86 70 12 54 35 34 44 45 36 94 66 89 67 71 52 75 10 68 4 81 90 82 38 60 20 53 32 66 35 96 30 1 95 8 15 18 60 56 94 19 68 89 16 87 11 63 58 42 2 73 43 81 67 5 4 26 52 90 91 57 28 99 36 79 29 75 71 82 48 93 77 32 13 38 3 40 74 7 33 88 69 20 61 76 98 22 49 31 54 47 92 9 83 80 72 10 46 44 55 85 37 12 27 41 70 62 86 51 24 17 50 45 64 84 25 97 59 23 34 21 14 39 65 6 93 65 89 83 30 11 41 43 21 37 47 8 82 86 23 45 49 90 1 28 60 54 59 40 32 9 98 51 4 97 10 19 7 18 63 14 26 52 78 56 5 74 2 79 84 34 13 91 67 95 27 72 20 92 35 42 64 76 31 68 69 3 12 94 87 57 80 61 44 48 53 75 33 24 77 70 96 39 81 25 55 22 58 16 88 50 17 66 85 73 99 36 71 6 38 62 15 29 46 7 53 40 54 31 93 19 98 37 32 61 50 86 44 29 73 39 33 78 26 24 81 57 59 45 64 2 41 65 6 91 79 55 15 13 63 21 83 27 14 66 43 8 97 23 85 1 67 89 25 48 10 52 88 28 58 62 3 94 9 12 18 49 60 42 4 72 16 47 36 46 96 69 71 30 82 99 56 20 38 35 68 22 90 76 11 95 17 34 75 92 87 74 5 84 70 51 80 77 39 46 92 81 48 89 80 34 29 68 30 96 42 27 61 97 17 72 40 44 8 93 45 14 41 7 64 60 95 58 53 77 79 86 74 9 18 66 15 70 63 32 23 4 90 28 2 38 98 76 24 56 20 57 50 65 6 85 62 47 78 37 75 22 88 82 52 16 87 31 25 67 35 69 12 21 91 51 59 11 26 84 43 99 36 55 49 19 71 54 3 83 94 33 69 24 23 47 36 64 87 59 70 57 6 98 53 25 85 84 67 77 82 65 27 73 29 21 76 43 50 30 40 31 61 17 90 13 75 34 35 19 45 80 2 66 32 4 9 83 54 86 94 51 68 71 41 96 42 22 91 28 3 89 55 97 78 99 12 18 15 56 48 98 69 75 18 1 81 44 43 52 30 31 45 58 29 73 36 95 22 94 25 34 39 19 64 83 65 99 62 12 82 77 96 56 15 41 79 71 66 89 13 50 10 47 20 54 68 27 46 5 49 32 67 16 38 92 23 24 11 63 51 35 48 74 28 8 53 2 17 87 70 33 42 7 84 85 4 6 60 61 62 59 76 57 40 86 78 88 21 26 91 14 80 37 9 55 90 93 72 74 20 67 5 42 73 54 25 46 83 3 70 95 51 15 77 76 99 63 24 72 1 17 82 78 48 65 10 47 11 37 66 19 98 61 49 50 33 94 55 35 23 69 22 7 30 45 28 44 87 68 71 31 60 53 36 8 58 18 79 32 75 84 43 38 6 98 25 84 28 34 51 71 41 62 92 20 90 3 32 12 47 55 77 66 80 79 44 19 82 72 21 7 23 42 46 36 74 60 15 64 93 26 24 57 27 85 40 9 13 50 58 68 54 14 48 88 2 94 45 96 23 35 11 4 39 86 76 22 10 59 73 49 53 87 18 31 52 49 99 69 70 30 33 67 19 17 63 61 95 16 8 29 97 65 37 5 43 85 1 91 83 14 11 67 35 60 99 94 77 86 46 64 29 56 58 5 51 84 1 40 74 59 22 81 89 54 76 7 49 53 18 87 17 93 78 3 95 82 75 6 28 98 62 9 25 88 2 37 72 61 71 80 47 38 63 97 24 34 31 50 33 24 70 53 97 75 81 58 47 13 94 46 52 57 43 5 82 79 39 83 10 14 34 95 77 4 65 2 21 51 26 48 7 78 22 1 76 74 19 31 44 50 23 28 60 37 62 66 12 32 55 85 35 29 9 18 36 40 67 49 98 73 38 71 69 84 45 61 63 16 92 93 25 54 96 8 90 15 3 42 86 89 64 6 11 99 59 80 41 91 68 17 20 56 88 27 30 87 72
done
done
done
done
done
done
done
done
done
done
done
73 59 64 5 91 48 84 58 15 94 8 53 43 80 35 10 3 81 19 41 57 88 96 36 66 1 79 77 9 11 27 34 4 54 65 6 71 87 82 99 13 75 98 23 45 32 68 20 49 93 61 22 97 90 24 72 74 55 30 78 85 67 60 92 25 12 83 28 56 33 47 16 42 29 52 14 50 40 21 18 51 17 89 44 69 63 43 72 87 30 27 88 56 20 17 68 91 41 80 59 99 11 6 64 89 86 42 3 15 90 8 96 54 25 93 92 16 63 61 45 84 69 71 38 73 98 49 67 40 36 18 9 29 35 85 55 32 12 66 62 37 60 28 23 50 44 31 19 74 76 1 22 78 7 48 26 51 21 2 65 4 77 95 34 14 10 83 39 79 82 5 43 57 52 46 94 13 47 58 81 75 97 53 70 24 33 50 31 34 24 97 63 38 47 80 71 61 72 37 2 88 25 9 62 98 28 6 75 82 95 3 78 93 17 87 18 53 49 7 76 54 89 81 22 59 74 40 1 84 51 5 58 56 29 64 46 86 77 94 99 60 35 67 11 14 83 91 1 85 43 5 37 65 97 29 8 16 95 61 63 17 19 67 33 30 70 69 99 49 52 31 18 87 53 49 73 59 10 22 76 86 39 4 11 35 23 96 45 94 2 88 48 14 54 68 58 50 13 9 40 85 27 57 24 26 93 64 15 60 74 36 46 42 23 7 21 72 82 19 44 79 80 66 77 55 47 12 32 3 90 20 92 62 41 71 51 34 28 84 25 98 6 38 43 84 75 32 79 18 58 8 36 53 60 31 71 68 87 44 28 45 30 7 22 69 23 35 55 94 33 50 49 61 98 19 66 37 11 47 10 65 48 78 82 17 1 72 24 63 99 76 77 15 51 95 70 3 83 46 25 54 73 42 5 67 20 74 72 93 90 55 9 37 80 14 91 26 21 88 78 86 40 57 76 59 62 61 60 6 4 85 84 7 42 33 70 87 17 2 53 8 28 74 48 35 51 63 11 24 23 92 38 16 67 32 49 5 46 27 68 54 20 47 10 50 13 89 66 71 79 41 15 56 96 77 82 12 62 99 65 83 64 19 39 34 25 94 22 95 36 73 29 58 45 31 30 52 43 44 81 1 18 75 69 98 48 56 15 18 12 99 78 97 55 89 3 28 91 22 42 96 41 71 68 51 94 86 54 83 9 4 32 66 2 80 45 19 35 34 75 13 90 17 61 31 40 30 50 43 76 21 29 73 27 65 82 77 67 84 85 25 53 98 6 57 70 59 87 64 36 47 23 24 69 33 94 83 3 54 71 19 49 55 36 99 43 84 26 11 59 51 91 21 12 69 35 67 25 31 87 16 52 82 88 22 75 37 78 47 62 85 6 65 50 57 20 56 24 76 98 38 2 28 90 4 23 32 63 70 15 66 18 9 74 86 79 77 53 58 95 60 64 7 41 14 45 93 8 44 40 72 17 97 61 27 42 96 30 68 29 34 80 89 48 81 92 46 39 77 80 51 70 84 5 74 87 92 75 34 17 95 11 76 90 22 68 35 38 20 56 99 82 30 71 69 96 46 36 47 16 72 4 42 60 49 18 12 9 94 3 62 58 28 88 52 10 48 25 89 67 1 85 23 97 8 43 66 14 27 83 21 63 13 15 55 79 91 6 65 41 2 64 45 59 57 81 24 26 78 33 39 73 29 44 86 50 61 32 37 98 19 93 31 54 40 53 7 46 29 15 62 38 6 71 36 99 73 85 66 17 50 88 16 58 22 55 25 81 39 96 70 77 24 33 75 53 48 44 61 80 57 87 94 12 3 69 68 31 76 64 42 35 92 20 72 27 95 67 91 13 34 84 79 2 74 5 56 78 52 26 14 63 18 7 19 10 97 4 51 98 9 32 40 59 54 60 28 1 90 49 45 23 86 82 8 47 37 21 43 41 11 30 83 89 65 93 6 65 39 14 21 34 23 59 97 25 84 64 45 50 17 24 51 86 62 70 41 27 12 37 85 55 44 46 10 72 80 83 9 92 47 54 31 49 22 94 98 76 61 20 69 88 33 7 74 40 3 38 13 32 77 93 48 82 71 75 29 79 36 99 28 57 91 90 52 26 4 5 67 81 43 73 2 42 58 63 11 87 16 89 68 19 94 56 60 18 15 8 95 1 30 96 35 66 32 53 20 60 38 82 90 81 4 68 10 75 52 71 89 66 94 36 44 34 35 54 12 70 86 65 42 99 56 24 41 80 61 73 91 25 14 96 22 6 84 19 60 97 9 51 74 5 11 39 47 30 15 62 17 87 28 17 95 27 31 37 93 59 26 78 43 50 83 72 3 48 64 7 63 18 79 58 76 8 49 21 40 2 37 16 92 57 6 23 13 33 29 69 63 77 46 33
done
done
done
done
done
73 59 64 5 91 48 84 58 15 94 8 53 43 80 35 10 3 81 19 41 57 88 96 36 66 1 79 77 9 11 27 34 4 54 65 6 71 87 82 99 13 75 98 23 45 32 68 20 49 93 61 22 97 90 24 72 74 55 30 78 85 67 60 92 12 83 28 56 33 47 16 42 52 14 50 40 21 18 51 17 89 44 69 63 43 72 87 30 27 88 56 20 17 68 91 41 80 59 99 11 6 64 89 86 42 3 15 90 8 96 54 25 93 92 16 63 61 45 84 69 71 38 73 98 49 67 40 36 18 9 29 35 85 55 32 12 66 62 37 60 28 23 50 44 31 19 74 76 1 22 78 7 48 26 51 21 2 65 4 77 95 34 14 10 83 39 79 82 5 43 57 52 46 94 13 47 58 81 75 97 53 70 24 33 50 31 34 24 97 63 38 47 80 71 61 72 37 2 88 25 9 62 98 28 6 75 82 95 3 78 93 17 87 18 53 49 7 76 54 89 81 22 59 74 40 1 84 51 5 58 56 29 64 46 86 77 94 99 60 35 67 11 14 83 91 1 85 43 5 37 65 97 29 8 16 95 61 63 17 19 67 33 30 70 69 99 49 52 31 18 87 53 49 73 59 10 22 76 86 39 4 11 35 23 96 45 94 2 88 48 14 54 68 58 50 13 9 40 85 27 57 24 26 93 64 15 60 74 36 46 42 23 7 21 72 82 19 44 79 80 66 77 55 47 12 32 3 90 20 92 62 41 71 51 34 28 84 25 98 6 38 43 84 75 32 79 18 58 8 36 53 60 31 71 68 87 44 28 45 30 7 22 69 23 35 55 94 33 50 49 61 98 19 66 37 11 47 10 65 48 78 82 17 1 72 24 63 99 76 77 15 51 95 70 3 83 46 25 54 73 42 5 67 20 74 72 93 90 55 9 37 80 14 91 26 21 88 78 86 40 57 76 59 62 61 60 6 4 85 84 7 42 33 70 87 17 2 53 8 28 74 48 35 51 63 11 24 23 92 38 16 67 32 49 5 46 27 68 54 20 47 10 50 13 89 66 71 79 41 15 56 96 77 82 12 62 99 65 83 64 19 39 34 25 94 22 95 36 73 29 58 45 31 30 52 43 44 81 1 18 75 69 98 48 56 15 18 12 99 78 97 55 89 3 28 91 22 42 96 41 71 68 51 94 86 54 83 9 4 32 66 2 80 45 19 35 34 75 13 90 17 61 31 40 30 50 43 76 21 29 73 27 65 82 77 67 84 85 25 53 98 6 57 70 59 87 64 36 47 23 24 69 33 94 83 3 54 71 19 49 55 36 99 43 84 26 11 59 51 91 21 12 69 35 67 25 31 87 16 52 82 88 22 75 37 78 47 62 85 6 65 50 57 20 56 24 76 98 38 2 28 90 4 23 32 63 70 15 66 18 9 74 86 79 77 53 58 95 60 64 7 41 14 45 93 8 44 40 72 17 97 61 27 42 96 30 68 29 34 80 89 48 81 92 46 39 77 80 51 70 84 5 74 87 92 75 34 17 95 11 76 90 22 68 35 38 20 56 99 82 30 71 69 96 46 36 47 16 72 4 42 60 49 18 12 9 94 3 62 58 28 88 52 10 48 25 89 67 1 85 23 97 8 43 66 14 27 83 21 63 13 15 55 79 91 6 65 41 2 64 45 59 57 81 24 26 78 33 39 73 29 44 86 50 61 32 37 98 19 93 31 54 40 53 7 46 29 15 62 38 6 71 36 99 73 85 66 17 50 88 16 58 22 55 25 81 39 96 70 77 24 33 75 53 48 44 61 80 57 87 94 12 3 69 68 31 76 64 42 35 92 20 72 27 95 67 91 13 34 84 79 2 74 5 56 78 52 26 14 63 18 7 19 10 97 4 51 98 9 32 40 59 54 60 28 1 90 49 45 23 86 82 8 47 37 21 43 41 11 30 83 89 65 93 6 65 39 14 21 34 23 59 97 25 84 64 45 50 17 24 51 86 62 70 41 27 12 37 85 55 44 46 10 72 80 83 9 92 47 54 31 49 22 94 98 76 61 20 69 88 33 7 74 40 3 38 13 32 77 93 48 82 71 75 29 79 36 99 28 57 91 90 52 26 4 5 67 81 43 73 2 42 58 63 11 87 16 89 68 19 94 56 60 18 15 8 95 1 30 96 35 66 32 53 20 60 38 82 90 81 4 68 10 75 52 71 89 66 94 36 44 34 35 54 12 70 86 65 42 99 56 24 41 80 61 73 91 25 14 96 22 6 84 19 60 97 9 51 74 5 11 39 47 30 15 62 17 87 28 17 95 27 31 37 93 59 26 78 43 50 83 72 3 48 64 7 63 18 79 58 76 8 49 21 40 2 37 16 92 57 6 23 13 33 29 69 63 77 46 33 72 87 79 27 74 1 52 28 44 17 71 51 78 58 96 85 26 47 24 80 46 11 94 42 54 7 61 22 59 2 64 98 65 69 68 39 5 86 30 34 9 45 3 38 16 73 70 75 43 29 97 63 32 49 18 57 25 83 81 60 66 35 62 10 93 84 82 14 33 6 55 48 56 19 50 31 8 92 36 99 40 88 13 15 37 90 67 20 53 77 76 23 21 12 91 89 4 41 95
done
done
done
95 41 4 89 91 12 21 23 76 77 53 20 67 90 37 15 13 88 40 99 36 92 8 31 50 19 56 48 55 6 33 14 82 84 93 10 62 35 66 60 81 83 25 57 18 49 32 63 97 29 43 75 70 73 16 38 3 45 9 34 30 86 5 39 68 69 65 98 64 2 59 22 61 7 54 42 94 11 46 80 24 47 26 85 96 58 78 51 71 17 44 28 52 1 74 27 79 87 72 33 46 77 63 69 29 33 13 23 6 57 92 16 37 2 40 21 49 8 76 58 79 18 63 7 64 48 3 72 83 50 43 78 26 59 93 37 31 27 95 17 28 87 17 62 15 30 47 39 11 5 74 51 9 97 60 19 84 6 22 96 14 25 91 73 61 80 41 24 56 99 42 65 86 70 12 54 35 34 44 36 94 66 89 71 52 75 10 68 4 81 90 82 38 60 20 53 32 66 35 96 30 1 95 8 15 18 60 56 94 19 68 89 16 87 11 63 58 42 2 73 43 81 67 5 4 26 52 90 91 57 28 99 36 79 29 75 71 82 48 93 77 32 13 38 3 40 74 7 33 88 69 20 61 76 98 94 22 49 31 54 47 92 9 83 80 72 10 46 44 55 85 37 12 27 41 70 62 86 51 24 17 50 45 64 84 25 97 59 23 34 21 14 39 65 6 93 65 89 83 30 11 41 43 21 37 47 8 82 86 23 45 49 90 1 28 60 54 59 40 32 9 98 51 4 97 10 19 7 18 63 14 26 52 78 56 5 74 2 79 84 34 13 91 67 95 27 72 20 92 35 42 64 76 31 68 69 3 12 94 87 57 80 61 44 48 53 75 33 24 77 70 96 39 81 25 55 22 58 16 88 50 17 66 85 73 99 36 71 6 38 62 15 29 46 7 53 40 54 31 93 19 98 37 32 61 50 86 44 29 73 39 33 78 26 24 81 57 59 45 64 2 41 65 6 91 79 55 15 13 63 21 83 27 14 66 43 8 97 23 85 1 67 89 25 48 10 52 88 28 58 62 3 94 9 12 18 49 60 42 4 72 16 47 36 46 96 69 71 30 82 99 56 20 38 35 68 22 90 76 11 95 17 34 75 92 87 74 5 84 70 51 80 77 39 46 92 81 48 89 80 34 29 68 30 96 42 27 61 97 17 72 40 44 8 93 45 14 41 7 64 60 95 58 53 77 79 86 74 9 18 66 15 70 63 32 23 4 90 28 2 38 98 76 24 56 20 57 50 65 6 85 62 47 78 37 75 22 88 82 52 16 87 31 25 67 35 69 12 21 91 51 59 11 26 84 43 99 36 55 49 19 71 54 3 83 94 33 69 24 23 47 36 64 87 59 70 57 6 98 53 25 85 84 67 77 82 65 27 73 29 21 76 43 50 30 40 31 61 17 90 13 75 34 35 19 45 80 2 66 32 4 9 83 54 86 94 51 68 71 41 96 42 22 91 28 3 89 55 97 78 99 12 18 15 56 48 98 69 75 18 1 81 44 43 52 30 31 45 58 29 73 36 95 22 94 25 34 39 19 64 83 65 99 62 12 82 77 96 56 15 41 79 71 66 89 13 50 10 47 20 54 68 27 46 5 49 32 67 16 38 92 23 24 11 63 51 35 48 74 28 8 53 2 17 87 70 33 42 7 84 85 4 6 60 61 62 59 76 57 40 86 78 88 21 26 91 14 80 37 9 55 90 93 72 74 20 67 5 42 73 54 25 46 83 3 70 95 51 15 77 76 99 63 24 72 1 17 82 78 48 65 10 47 11 37 66 19 98 61 49 50 33 94 55 35 23 69 22 7 30 45 28 44 87 68 71 31 60 53 36 8 58 18 79 32 75 84 43 38 6 98 25 84 28 34 51 71 41 62 92 20 90 3 32 12 47 55 77 66 80 79 44 19 82 72 21 7 23 42 46 36 74 60 15 64 93 26 24 57 27 85 40 9 13 50 58 68 54 14 48 88 2 94 45 96 23 35 11 4 39 86 76 22 10 59 73 49 53 87 18 31 52 49 99 69 70 30 33 67 19 17 63 61 95 16 8 29 97 65 37 5 43 85 1 91 83 14 11 67 35 60 99 94 77 86 46 64 29 56 58 5 51 84 1 40 74 59 22 81 89 54 76 7 49 53 18 87 17 93 78 3 95 82 75 6 28 98 62 9 25 88 2 37 72 61 71 80 47 38 63 97 24 34 31 50 33 24 70 53 97 75 81 58 47 13 94 46 52 57 43 5 82 79 39 83 10 14 34 95 77 4 65 2 21 51 26 48 7 78 22 1 76 74 19 31 44 50 23 28 60 37 62 66 12 32 55 85 35 29 9 18 36 40 67 49 98 73 38 71 69 84 45 61 63 16 92 93 25 54 96 8 90 15 3 42 86 89 64 6 11 99 59 80 41 91 68 17 20 56 88 27 30 87 72 43 63 69 44 89 17 51 21 40 50 14 52 42 16 47 33 56 28 83 12 92 60 67 85 78 30 55 74 72 24 90 97 22 61 93 49 20 68 32 45 23 98 75 13 99 82 87 16 71 6 65 54 4 34 27 11 9 77 79 1 66 36 96 88 57 41 19 81 3 10 35 80 43 53 8 94 15 58 84 48 91 5 64 59 73
done
95 41 4 89 91 12 21 23 76 77 53 20 67 90 37 15 13 88 40 99 36 92 8 31 50 19 56 48 55 6 33 14 82 84 93 10 62 35 66 60 81 83 25 57 18 49 32 63 97 29 43 75 70 73 16 38 3 45 9 34 30 86 5 39 68 69 65 98 64 2 59 22 61 7 54 42 94 11 46 80 24 47 26 85 96 58 78 51 71 17 44 28 52 1 74 27 79 87 72 33 46 77 63 69 29 33 13 23 6 57 92 16 37 2 40 21 49 8 76 58 79 18 63 7 64 48 3 72 83 50 43 78 26 59 93 37 31 27 95 17 28 87 17 62 15 30 47 39 11 5 74 51 9 97 60 19 84 6 22 96 14 25 91 73 61 80 41 24 56 99 42 65 86 70 12 54 35 34 44 36 94 66 89 71 52 75 10 68 4 81 90 82 38 60 20 53 32 66 35 96 30 1 95 8 15 18 60 56 94 19 68 89 16 87 11 63 58 42 2 73 43 81 67 5 4 26 52 90 91 57 28 99 36 79 29 75 71 82 48 93 77 32 13 38 3 40 74 7 33 88 69 20 61 76 98 94 22 49 31 54 47 92 9 83 80 72 10 46 44 55 85 37 12 27 41 70 62 86 51 24 17 50 45 64 84 25 97 59 23 34 21 14 39 65 6 93 65 89 83 30 11 41 43 21 37 47 8 82 86 23 45 49 90 1 28 60 54 59 40 32 9 98 51 4 97 10 19 7 18 63 14 26 52 78 56 5 74 2 79 84 34 13 91 67 95 27 72 20 92 35 42 64 76 31 68 69 3 12 94 87 57 80 61 44 48 53 75 33 24 77 70 96 39 81 25 55 22 58 16 88 50 17 66 85 73 99 36 71 6 38 62 15 29 46 7 53 40 54 31 93 19 98 37 32 61 50 86 44 29 73 39 33 78 26 24 81 57 59 45 64 2 41 65 6 91 79 55 15 13 63 21 83 27 14 66 43 8 97 23 85 1 67 89 25 48 10 52 88 28 58 62 3 94 9 12 18 49 60 42 4 72 16 47 36 46 96 69 71 30 82 99 56 20 38 35 68 22 90 76 11 95 17 34 75 92 87 74 5 84 70 51 80 77 39 46 92 81 48 89 80 34 29 68 30 96 42 27 61 97 17 72 40 44 8 93 45 14 41 7 64 60 95 58 53 77 79 86 74 9 18 66 15 70 63 32 23 4 90 28 2 38 98 76 24 56 20 57 50 65 6 85 62 47 78 37 75 22 88 82 52 16 87 31 25 67 35 69 12 21 91 51 59 11 26 84 43 99 36 55 49 19 71 54 3 83 94 33 69 24 23 47 36 64 87 59 70 57 6 98 53 25 85 84 67 77 82 65 27 73 29 21 76 43 50 30 40 31 61 17 90 13 75 34 35 19 45 80 2 66 32 4 9 83 54 86 94 51 68 71 41 96 42 22 91 28 3 89 55 97 78 99 12 18 15 56 48 98 69 75 18 1 81 44 43 52 30 31 45 58 29 73 36 95 22 94 25 34 39 19 64 83 65 99 62 12 82 77 96 56 15 41 79 71 66 89 13 50 10 47 20 54 68 27 46 5 49 32 67 16 38 92 23 24 11 63 51 35 48 74 28 8 53 2 17 87 70 33 42 7 84 85 4 6 60 61 62 59 76 57 40 86 78 88 21 26 91 14 80 37 9 55 90 93 72 74 20 67 5 42 73 54 25 46 83 3 70 95 51 15 77 76 99 63 24 72 1 17 82 78 48 65 10 47 11 37 66 19 98 61 49 50 33 94 55 35 23 69 22 7 30 45 28 44 87 68 71 31 60 53 36 8 58 18 79 32 75 84 43 38 6 98 25 84 28 34 51 71 41 62 92 20 90 3 32 12 47 55 77 66 80 79 44 19 82 72 21 7 23 42 46 36 74 60 15 64 93 26 24 57 27 85 40 9 13 50 58 68 54 14 48 88 2 94 45 96 23 35 11 4 39 86 76 22 10 59 73 49 53 87 18 31 52 49 99 69 70 30 33 67 19 17 63 61 95 16 8 29 97 65 37 5 43 85 1 91 83 14 11 67 35 60 99 94 77 86 46 64 29 56 58 5 51 84 1 40 74 59 22 81 89 54 76 7 49 53 18 87 17 93 78 3 95 82 75 6 28 98 62 9 25 88 2 37 72 61 71 80 47 38 63 97 24 34 31 50 33 24 70 53 97 75 81 58 47 13 94 46 52 57 43 5 82 79 39 83 10 14 34 95 77 4 65 2 21 51 26 48 7 78 22 1 76 74 19 31 44 50 23 28 60 37 62 66 12 32 55 85 35 29 9 18 36 40 67 49 98 73 38 71 69 84 45 61 63 16 92 93 25 54 96 8 90 15 3 42 86 89 64 6 11 99 59 80 41 91 68 17 20 56 88 27 30 87 72 43 63 69 44 89 17 51 21 40 50 14 52 42 16 47 33 56 28 83 12 92 60 67 85 78 30 55 74 72 24 90 97 22 61 93 49 20 68 32 45 23 98 75 13 99 82 87 16 71 6 65 54 4 34 27 11 9 77 79 1 66 36 96 88 57 41 19 81 3 10 35 80 43 53 8 94 15 58 84 48 91 5 64 59 73 21 30 90 76 88 5 92 20 96 86 97 61 24 98 28 58 39 25 57 48 12 74 66 47 17 91 22 19 62 71 11 34 67 31 81 10 77 1 54 2 9 85 68 8 36 45 64 26 75 51 23 29 70 32 38 55 52 35 7 3 4 16 56 40 50 14 60 78 46 95 80 94 18 93 83 87 41 53 73 59 44 37 33 49 72 82 69 65 42 79 15 89 63 13 84 99
done
done
done
done
done
done
done
24 59 99 71 52 63 44 42 45 21 38 75 37 91 88 47 31 35 39 67 43 20 36 84 14 87 19 18 69 98 58 65 73 33 11 34 81 12 56 23 1 79 30 60 86 28 51 72 2 93 48 66 46 70 57 85 40 94 92 27 29 25 7 89 80 9 82 5 32 26 16 41 8 15 4 53 22 95 13 96 68 6 83 50 61 10 97 55 78 62 76 54 90 74 17 49 64 77 74 50 48 87 77 27 99 61 45 38 15 49 1 90 37 24 17 53 7 35 6 52 13 31 5 80 71 65 98 68 93 64 36 81 3 73 75 8 82 40 94 70 19 23 92 41 54 12 46 57 91 79 72 18 88 10 51 30 34 47 28 96 84 83 63 21 85 16 42 78 55 89 56 66 25 39 9 32 59 67 58 76 4 2 86 33 44 60 69 62 29 95 14 43 11 17 58 63 55 37 46 22 33 57 96 87 45 36 47 86 21 27 97 79 23 49 64 76 61 18 51 78 73 7 74 29 42 10 83 14 13 80 54 30 28 84 25 12 91 82 60 39 26 93 92 48 32 19 72 6 89 69 50 31 99 8 94 3 41 81 85 88 59 53 52 0 56 15 35 34 44 99 84 13 63 89 15 79 42 65 69 82 72 49 33 37 44 59 73 53 41 87 83 93 18 94 80 95 46 78 60 14 50 40 56 16 4 3 7 35 52 55 38 32 70 29 23 51 75 26 64 45 36 8 68 85 9 2 54 1 77 10 81 31 67 34 11 71 62 19 22 91 17 47 66 74 12 48 57 25 39 58 28 98 24 61 97 86 96 20 92 5 88 76 90 30 21 73 59 64 5 91 48 84 58 15 94 8 53 43 80 35 10 3 81 19 41 57 88 96 36 66 1 79 77 9 11 27 34 4 54 65 6 71 16 87 82 99 13 75 98 23 45 32 68 20 49 93 61 22 97 90 24 72 74 55 30 78 85 67 60 92 12 83 28 56 33 47 16 42 52 14 50 40 21 51 17 89 44 69 63 43 72 87 30 27 88 56 20 17 68 91 41 80 59 99 11 6 64 89 86 42 3 15 90 8 96 54 25 93 92 16 63 61 45 84 69 71 38 73 98 49 67 40 36 18 9 29 35 85 55 32 12 66 62 37 60 28 23 50 44 31 19 74 76 1 22 78 7 48 26 51 21 2 65 4 77 95 34 14 10 83 39 79 82 5 43 57 52 46 94 13 47 58 81 75 97 53 70 24 33 50 31 34 24 97 63 38 47 80 71 61 72 37 2 88 25 9 62 98 28 6 75 82 95 3 78 93 17 87 18 53 49 7 76 54 89 81 22 59 74 40 1 84 51 5 58 56 29 64 46 86 77 94 99 60 35 67 11 14 83 91 1 85 43 5 37 65 97 29 8 16 95 61 63 17 19 67 33 30 70 69 99 49 52 31 18 87 53 49 73 59 10 22 76 86 39 4 11 35 23 96 45 94 2 88 48 14 54 68 58 50 13 9 40 85 27 57 24 26 93 64 15 60 74 36 46 42 23 7 21 72 82 19 44 79 80 66 77 55 47 12 32 3 90 20 92 62 41 71 51 34 28 84 25 98 6 38 43 84 75 32 79 18 58 8 36 53 60 31 71 68 87 44 28 45 30 7 22 69 23 35 55 94 33 50 49 61 98 19 66 37 11 47 10 65 48 78 82 17 1 72 24 63 99 76 77 15 51 95 70 3 83 46 25 54 73 42 5 67 20 74 72 93 90 55 9 37 80 14 91 26 21 88 78 86 40 57 76 59 62 61 60 6 4 85 84 7 42 33 70 87 17 2 53 8 28 74 48 35 51 63 11 24 23 92 38 16 67 32 49 5 46 27 68 54 20 47 10 50 13 89 66 71 79 41 15 56 96 77 82 12 62 99 65 83 64 19 39 34 25 94 22 95 36 73 29 58 45 31 30 52 43 44 81 1 18 75 69 98 48 56 15 18 12 99 78 97 55 89 3 28 91 22 42 96 41 71 68 51 94 86 54 83 9 4 32 66 2 80 45 19 35 34 75 13 90 17 61 31 40 30 50 43 76 21 29 73 27 65 82 77 67 84 85 25 53 98 6 57 70 59 87 64 36 47 23 24 69 33 94 83 3 54 71 19 49 55 36 99 43 84 26 11 59 51 91 21 12 69 35 67 25 31 87 16 52 82 88 22 75 37 78 47 62 85 6 65 50 57 20 56 24 76 98 38 2 28 90 4 23 32 63 70 15 66 18 9 74 86 79 77 53 58 95 60 64 7 41 14 45 93 8 44 40 72 17 97 61 27 42 96 30 68 29 34 80 89 48 81 92 46 39 77 80 51 70 84 5 74 87 92 75 34 17 95 11 76 90 22 68 35 38 20 56 99 82 30 71 69 96 46 36 47 16 72 4 42 60 49 18 12 9 94 3 62 58 28 88 52 10 48 25 89 67 1 85 23 97 8 43 66 14 27 83 21 63 13 15 55 79 91 6 65 41 2 64 45 59 57 81 24 26 78 33 39 73 29 44 86 50 61 32 37 98 19 93 31 54 40 53 7 46 29 15 62 38 6 71 36 99 73 85 66 17 50 88 16 58 22 55 25 81 39 96 70 77 24 33 75 53 48 44 61 80 57 87 94 12 3 69 68 31 76 64 42 35 92 20 72 27 95 67 91 13 34 84 79 2 74 5 56 78 52 26 14 63 18 7 19 10 97 4 51 98 9 32 40 59 54 60 28 1 90 49 45 23 86 82 8 47 37 21 43 41 11 30 83 89 65 93 6 65 39 14 21 34 23 59 97 25 84 64 45 50 17 24 51 86 62 70 41 27 12 37 85 55 44 46 10 72 80 83 9 92 47 54 31 49 22 94 98 76 61 20 69 88 33 7 74 40 3 38 13 32 77 93 48 82 71 75 29 79 36 99 28 57 91 90 52 26 4 5 67 81 43 73 2 42 58 63 11 87 16 89 68 19 94 56 60 18 15 8 95 1 30 96 35 66 32 53 20 60 38 82 90 81 4 68 10 75 52 71 89 66 94 36 44 34 35 54 12 70 86 65 42 99 56 24 41 80 61 73 91 25 14 96 22 6 84 19 60 97 9 51 74 5 11 39 47 30 15 62 17 87 28 17 95 27 31 37 93 59 26 78 43 50 83 72 3 48 64 7 63 18 79 58 76 8 49 21 40 2 37 16 92 57 6 23 13 33 29 69 63 77 46 33 72 87 79 27 74 1 52 28 44 17 71 51 78 58 96 85 26 47 24 80 46 11 94 42 54 7 61 22 59 2 64 98 65 69 68 39 5 86 30 34 9 45 3 38 16 76 73 70 75 43 29 97 63 32 49 18 57 25 83 81 60 66 35 62 10 93 84 82 14 33 6 55 48 56 19 50 31 8 92 36 99 40 88 13 15 37 90 67 20 53 77 76 23 21 12 91 89 4 41 95
done
done
95 41 4 89 91 12 21 23 76 77 53 20 67 90 37 15 13 88 40 99 36 92 8 31 50 19 56 48 55 6 33 14 82 84 93 10 62 35 66 60 81 83 25 57 18 49 32 63 97 29 43 75 70 73 76 16 38 3 45 9 34 30 86 5 39 68 69 65 98 64 2 59 46 22 61 7 54 42 94 11 46 80 24 47 26 85 96 58 78 51 71 17 44 28 52 1 74 27 79 87 72 33 46 77 63 69 29 33 13 23 6 57 92 16 37 2 40 21 49 8 76 58 79 18 63 7 64 48 3 72 83 50 43 78 26 59 93 37 31 27 95 17 28 87 17 62 15 30 47 39 11 5 74 51 9 97 60 19 84 6 22 96 14 25 91 73 61 80 41 24 56 99 42 65 86 70 12 54 35 34 44 36 94 66 89 71 52 75 10 68 4 81 90 82 38 60 20 53 32 66 35 96 30 1 95 8 15 18 60 56 94 19 68 89 16 87 11 63 58 42 2 73 43 81 67 5 4 26 52 90 91 57 28 99 36 79 29 75 71 82 48 93 77 32 13 38 3 40 74 7 33 88 69 20 61 76 98 94 22 49 31 54 47 92 9 83 80 72 10 46 44 55 85 37 12 27 41 70 62 86 51 24 17 50 45 64 84 25 97 59 23 34 21 14 39 65 6 93 65 89 83 30 11 41 43 21 37 47 8 82 86 23 45 49 90 1 28 60 54 59 40 32 9 98 51 4 97 10 19 7 18 63 14 26 52 78 56 5 74 2 79 84 34 13 91 67 95 27 72 20 92 35 42 64 76 31 68 69 3 12 94 87 57 80 61 44 48 53 75 33 24 77 70 96 39 81 25 55 22 58 16 88 50 17 66 85 73 99 36 71 6 38 62 15 29 46 7 53 40 54 31 93 19 98 37 32 61 50 86 44 29 73 39 33 78 26 24 81 57 59 45 64 2 41 65 6 91 79 55 15 13 63 21 83 27 14 66 43 8 97 23 85 1 67 89 25 48 10 52 88 28 58 62 3 94 9 12 18 49 60 42 4 72 16 47 36 46 96 69 71 30 82 99 56 20 38 35 68 22 90 76 11 95 17 34 75 92 87 74 5 84 70 51 80 77 39 46 92 81 48 89 80 34 29 68 30 96 42 27 61 97 17 72 40 44 8 93 45 14 41 7 64 60 95 58 53 77 79 86 74 9 18 66 15 70 63 32 23 4 90 28 2 38 98 76 24 56 20 57 50 65 6 85 62 47 78 37 75 22 88 82 52 16 87 31 25 67 35 69 12 21 91 51 59 11 26 84 43 99 36 55 49 19 71 54 3 83 94 33 69 24 23 47 36 64 87 59 70 57 6 98 53 25 85 84 67 77 82 65 27 73 29 21 76 43 50 30 40 31 61 17 90 13 75 34 35 19 45 80 2 66 32 4 9 83 54 86 94 51 68 71 41 96 42 22 91 28 3 89 55 97 78 99 12 18 15 56 48 98 69 75 18 1 81 44 43 52 30 31 45 58 29 73 36 95 22 94 25 34 39 19 64 83 65 99 62 12 82 77 96 56 15 41 79 71 66 89 13 50 10 47 20 54 68 27 46 5 49 32 67 16 38 92 23 24 11 63 51 35 48 74 28 8 53 2 17 87 70 33 42 7 84 85 4 6 60 61 62 59 76 57 40 86 78 88 21 26 91 14 80 37 9 55 90 93 72 74 20 67 5 42 73 54 25 46 83 3 70 95 51 15 77 76 99 63 24 72 1 17 82 78 48 65 10 47 11 37 66 19 98 61 49 50 33 94 55 35 23 69 22 7 30 45 28 44 87 68 71 31 60 53 36 8 58 18 79 32 75 84 43 38 6 98 25 84 28 34 51 71 41 62 92 20 90 3 32 12 47 55 77 66 80 79 44 19 82 72 21 7 23 42 46 36 74 60 15 64 93 26 24 57 27 85 40 9 13 50 58 68 54 14 48 88 2 94 45 96 23 35 11 4 39 86 76 22 10 59 73 49 53 87 18 31 52 49 99 69 70 30 33 67 19 17 63 61 95 16 8 29 97 65 37 5 43 85 1 91 83 14 11 67 35 60 99 94 77 86 46 64 29 56 58 5 51 84 1 40 74 59 22 81 89 54 76 7 49 53 18 87 17 93 78 3 95 82 75 6 28 98 62 9 25 88 2 37 72 61 71 80 47 38 63 97 24 34 31 50 33 24 70 53 97 75 81 58 47 13 94 46 52 57 43 5 82 79 39 83 10 14 34 95 77 4 65 2 21 51 26 48 7 78 22 1 76 74 19 31 44 50 23 28 60 37 62 66 12 32 55 85 35 29 9 18 36 40 67 49 98 73 38 71 69 84 45 61 63 16 92 93 25 54 96 8 90 15 3 42 86 89 64 6 11 99 59 80 41 91 68 17 20 56 88 27 30 87 72 43 63 69 44 89 17 51 21 40 50 14 52 42 16 47 33 56 28 83 12 92 60 67 85 78 30 55 74 72 24 90 97 22 61 93 49 20 68 32 45 23 98 75 13 99 82 87 16 71 6 65 54 4 34 27 11 9 77 79 1 66 36 96 88 57 41 19 81 3 10 35 80 43 53 8 94 15 58 84 48 91 5 64 59 73 21 30 90 76 88 5 92 20 96 86 97 61 24 98 28 58 39 25 57 48 12 74 66 47 17 91 22 19 62 71 11 34 67 31 81 10 77 1 54 2 9 85 68 8 36 45 64 26 75 51 23 29 70 32 38 55 52 35 7 3 4 16 56 40 50 14 60 78 46 95 80 94 18 93 83 87 41 53 73 59 44 37 33 49 72 82 69 65 42 79 15 89 63 13 84 99 44 34 35 15 56 0 52 53 59 88 85 81 41 3 94 8 99 31 50 69 89 6 72 19 32 48 92 93 26 39 60 82 91 12 25 84 28 30 54 80 13 14 83 10 42 29 74 7 73 78 51 18 61 76 64 49 23 79 97 27 21 86 47 36 45 87 96 57 33 22 46 37 55 63 58 17 11 43 14 95 29 62 69 60 44 33 86 2 4 76 58 67 59 32 9 39 25 66 56 89 55 78 42 16 85 21 63 83 84 96 28 47 34 30 51 10 88 18 72 79 91 57 46 12 54 41 92 23 19 70 94 40 82 8 75 73 3 81 36 64 93 68 98 65 71 80 5 31 13 52 6 35 7 53 17 24 37 90 1 49 15 38 45 61 99 27 77 87 48 50 74 77 64 49 17 74 90 54 76 62 78 55 97 10 61 50 83 6 68 96 13 95 22 53 4 15 8 41 16 26 32 5 82 9 80 89 7 25 29 27 92 94 40 85 57 70 46 66 48 93 2 72 51 28 86 60 30 79 1 23 56 12 81 34 11 33 73 65 58 98 69 18 19 87 14 84 36 20 43 67 39 35 31 47 88 91 37 75 38 21 45 42 44 63 52 71 99 59 24
done
done
done
done
done
done
done
done
81 12 27 68 26 56 18 63 9 8 61 57 6 54 53 85 80 50 69 96 76 59 55 33 43 90 34 40 62 99 11 24 22 49 23 32 30 29 86 51 48 78 36 70 39 37 64 15 35 19 94 42 92 87 91 88 66 73 1 97 21 65 28 44 93 75 5 3 71 14 58 79 16 45 72 2 47 36 77 31 98 20 84 41 26 52 74 25 10 41 83 82 17 95 38 4 89 60 67 46 13 7 24 59 99 71 52 63 44 42 45 21 38 75 37 91 88 47 31 35 39 67 43 20 36 84 14 87 19 18 69 98 58 65 73 33 11 34 81 12 56 23 1 79 30 60 86 28 51 72 2 93 48 66 46 70 57 85 40 94 92 27 29 25 7 89 80 9 82 5 32 26 16 41 8 15 4 53 22 95 13 96 68 6 83 50 61 10 97 55 78 62 76 54 90 74 17 49 64 77 74 50 48 87 77 27 99 61 45 38 15 49 1 90 37 24 17 53 7 35 6 52 13 31 5 80 71 65 98 68 93 64 36 81 3 73 75 8 82 40 94 70 19 23 92 41 54 12 46 57 91 79 72 18 88 10 51 30 34 47 28 96 84 83 63 21 85 16 42 78 55 89 56 66 25 39 9 32 59 67 58 76 4 2 86 33 44 60 69 62 29 95 14 43 11 17 58 63 55 37 46 22 33 57 96 87 45 36 47 86 21 27 97 79 23 49 64 76 61 18 51 78 73 7 74 29 42 10 83 14 13 80 54 30 28 84 25 12 91 82 60 39 26 93 92 48 32 19 72 6 89 69 50 31 99 8 94 3 41 81 85 88 59 53 52 0 56 15 35 34 44 99 84 13 63 89 15 79 42 65 69 82 72 49 33 37 44 59 73 53 41 87 83 93 18 94 80 95 46 78 60 14 50 40 56 16 4 3 7 35 52 55 38 32 70 29 23 51 75 26 64 45 36 8 68 85 9 2 54 1 77 10 81 31 67 34 11 71 62 19 22 91 17 47 66 74 12 48 57 25 39 58 28 98 24 61 97 86 96 20 92 5 88 76 90 30 21 73 59 64 5 91 48 84 58 15 94 8 53 43 80 35 10 3 81 19 41 57 88 96 36 66 1 79 77 9 11 27 34 4 54 65 6 71 16 87 82 99 13 75 98 23 45 32 68 20 49 93 61 22 97 90 24 72 74 55 30 78 85 67 60 92 12 83 28 56 33 47 16 42 52 14 50 40 21 51 17 89 44 69 63 43 72 87 30 27 88 56 20 17 68 91 41 80 59 99 11 6 64 89 86 42 3 15 90 8 96 54 25 93 92 16 63 61 45 84 69 71 38 73 98 49 67 40 36 18 9 29 35 85 55 32 12 66 62 37 60 28 23 50 44 31 19 74 76 1 22 78 7 48 26 51 21 2 65 4 77 95 34 14 10 83 39 79 82 5 43 57 52 46 94 13 47 58 81 75 97 53 70 24 33 50 31 34 24 97 63 38 47 80 71 61 72 37 2 88 25 9 62 98 28 6 75 82 95 3 78 93 17 87 18 53 49 7 76 54 89 81 22 59 74 40 1 84 51 5 58 56 29 64 46 86 77 94 99 60 35 67 11 14 83 91 1 85 43 5 37 65 97 29 8 16 95 61 63 17 19 67 33 30 70 69 99 49 52 31 18 87 53 49 73 59 10 22 76 86 39 4 11 35 23 96 45 94 2 88 48 14 54 68 58 50 13 9 40 85 27 57 24 26 93 64 15 60 74 36 46 42 23 7 21 72 82 19 44 79 80 66 77 55 47 12 32 3 90 20 92 62 41 71 51 34 28 84 25 98 6 38 43 84 75 32 79 18 58 8 36 53 60 31 71 68 87 44 28 45 30 7 22 69 23 35 55 94 33 50 49 61 98 19 66 37 11 47 10 65 48 78 82 17 1 72 24 63 99 76 77 15 51 95 70 3 83 46 25 54 73 42 5 67 20 74 72 93 90 55 9 37 80 14 91 26 21 88 78 86 40 57 76 59 62 61 60 6 4 85 84 7 42 33 70 87 17 2 53 8 28 74 48 35 51 63 11 24 23 92 38 16 67 32 49 5 46 27 68 54 20 47 10 50 13 89 66 71 79 41 15 56 96 77 82 12 62 99 65 83 64 19 39 34 25 94 22 95 36 73 29 58 45 31 30 52 43 44 81 1 18 75 69 98 48 56 15 18 12 99 78 97 55 89 3 28 91 22 42 96 41 71 68 51 94 86 54 83 9 4 32 66 2 80 45 19 35 34 75 13 90 17 61 31 40 30 50 43 76 21 29 73 27 65 82 77 67 84 85 25 53 98 6 57 70 59 87 64 36 47 23 24 69 33 94 83 3 54 71 19 49 55 36 99 43 84 26 11 59 51 91 21 12 69 35 67 25 31 87 16 52 82 88 22 75 37 78 47 62 85 6 65 50 57 20 56 24 76 98 38 2 28 90 4 23 32 63 70 15 66 18 9 74 86 79 77 53 58 95 60 64 7 41 14 45 93 8 44 40 72 17 97 61 27 42 96 30 68 29 34 80 89 48 81 92 46 39 77 80 51 70 84 5 74 87 92 75 34 17 95 11 76 90 22 68 35 38 20 56 99 82 30 71 69 96 46 36 47 16 72 4 42 60 49 18 12 9 94 3 62 58 28 88 52 10 48 25 89 67 1 85 23 97 8 43 66 14 27 83 21 63 13 15 55 79 91 6 65 41 2 64 45 59 57 81 24 26 78 33 39 73 29 44 86 50 61 32 37 98 19 93 31 54 40 53 7 46 29 15 62 38 6 71 36 99 73 85 66 17 50 88 16 58 22 55 25 81 39 96 70 77 24 33 75 53 48 44 61 80 57 87 94 12 3 69 68 31 76 64 42 35 92 20 72 27 95 67 91 13 34 84 79 2 74 5 56 78 52 26 14 63 18 7 19 10 97 4 51 98 9 32 40 59 54 60 28 1 90 49 45 23 86 82 8 47 37 21 43 41 11 30 83 89 65 93 6 65 39 14 21 34 23 59 97 25 84 64 45 50 17 24 51 86 62 70 41 27 12 37 85 55 44 46 10 72 80 83 9 92 47 54 31 49 22 94 98 76 61 20 69 88 33 7 74 40 3 38 13 32 77 93 48 82 71 75 29 79 36 99 28 57 91 90 52 26 4 5 67 81 43 73 2 42 58 63 11 87 16 89 68 19 94 56 60 18 15 8 95 1 30 96 35 66 32 53 20 60 38 82 90 81 4 68 10 75 52 71 89 66 94 36 44 34 35 54 12 70 86 65 42 99 56 24 41 80 61 73 91 25 14 96 22 6 84 19 60 97 9 51 74 5 11 39 47 30 15 62 17 87 28 17 95 27 31 37 93 59 26 78 43 50 83 72 3 48 64 7 63 18 79 58 76 8 49 21 40 2 37 16 92 57 6 23 13 33 29 69 63 77 46 33 72 87 79 27 74 1 52 28 44 17 71 51 78 58 96 85 26 47 24 80 46 11 94 42 54 7 61 22 46 59 2 64 98 65 69 68 39 86 5 86 30 34 9 45 3 38 16 76 83 73 70 75 43 29 97 63 32 49 18 57 25 83 81 60 66 35 62 10 93 84 82 14 33 6 55 48 56 19 50 31 8 92 36 99 40 88 13 15 37 90 67 20 53 77 76 23 21 12 91 89 4 41 95 50 28 56 41 30 94 55 89 64 60 76 57 13 38 92 88 75 32 35 59 58 8 96 49 84 2 29 86 71 16 52 78 5 68 39 44 48 70 15 90 79 66 63 43 77 74 51 73 26 9 82 95 53 42 31 69 62 22 27 6 45 87 40 72 4 67 18 65 93
done
93 65 18 67 4 72 40 87 45 6 27 22 62 69 31 42 53 95 82 9 26 73 51 74 77 43 63 66 79 90 15 70 48 44 39 68 5 78 52 16 71 86 29 2 84 49 96 8 58 59 35 32 75 88 92 38 13 57 76 60 64 89 55 94 30 41 56 28 50 95 41 4 89 91 12 21 23 76 77 53 20 67 90 37 15 13 88 40 99 36 92 8 31 50 19 56 48 55 6 33 14 82 84 93 10 62 35 66 60 81 83 25 57 18 49 32 63 97 29 43 75 70 73 83 76 16 38 3 45 9 34 30 86 5 86 39 68 69 65 98 64 2 59 46 22 61 7 54 42 94 11 46 80 24 47 26 85 96 58 78 51 71 17 44 28 52 1 74 27 79 87 72 33 46 77 63 69 29 33 13 23 6 57 92 16 37 2 40 21 49 8 76 58 79 18 63 7 64 48 3 72 83 50 43 78 26 59 93 37 31 27 95 17 28 87 17 62 15 30 47 39 11 5 74 51 9 97 60 19 84 6 22 96 14 25 91 73 61 80 41 24 56 99 42 65 86 70 12 54 35 34 44 36 94 66 89 71 52 75 10 68 4 81 90 82 38 60 20 53 32 66 35 96 30 1 95 8 15 18 60 56 94 19 68 89 16 87 11 63 58 42 2 73 43 81 67 5 4 26 52 90 91 57 28 99 36 79 29 75 71 82 48 93 77 32 13 38 3 40 74 7 33 88 69 20 61 76 98 94 22 49 31 54 47 92 9 83 80 72 10 46 44 55 85 37 12 27 41 70 62 86 51 24 17 50 45 64 84 25 97 59 23 34 21 14 39 65 6 93 65 89 83 30 11 41 43 21 37 47 8 82 86 23 45 49 90 1 28 60 54 59 40 32 9 98 51 4 97 10 19 7 18 63 14 26 52 78 56 5 74 2 79 84 34 13 91 67 95 27 72 20 92 35 42 64 76 31 68 69 3 12 94 87 57 80 61 44 48 53 75 33 24 77 70 96 39 81 25 55 22 58 16 88 50 17 66 85 73 99 36 71 6 38 62 15 29 46 7 53 40 54 31 93 19 98 37 32 61 50 86 44 29 73 39 33 78 26 24 81 57 59 45 64 2 41 65 6 91 79 55 15 13 63 21 83 27 14 66 43 8 97 23 85 1 67 89 25 48 10 52 88 28 58 62 3 94 9 12 18 49 60 42 4 72 16 47 36 46 96 69 71 30 82 99 56 20 38 35 68 22 90 76 11 95 17 34 75 92 87 74 5 84 70 51 80 77 39 46 92 81 48 89 80 34 29 68 30 96 42 27 61 97 17 72 40 44 8 93 45 14 41 7 64 60 95 58 53 77 79 86 74 9 18 66 15 70 63 32 23 4 90 28 2 38 98 76 24 56 20 57 50 65 6 85 62 47 78 37 75 22 88 82 52 16 87 31 25 67 35 69 12 21 91 51 59 11 26 84 43 99 36 55 49 19 71 54 3 83 94 33 69 24 23 47 36 64 87 59 70 57 6 98 53 25 85 84 67 77 82 65 27 73 29 21 76 43 50 30 40 31 61 17 90 13 75 34 35 19 45 80 2 66 32 4 9 83 54 86 94 51 68 71 41 96 42 22 91 28 3 89 55 97 78 99 12 18 15 56 48 98 69 75 18 1 81 44 43 52 30 31 45 58 29 73 36 95 22 94 25 34 39 19 64 83 65 99 62 12 82 77 96 56 15 41 79 71 66 89 13 50 10 47 20 54 68 27 46 5 49 32 67 16 38 92 23 24 11 63 51 35 48 74 28 8 53 2 17 87 70 33 42 7 84 85 4 6 60 61 62 59 76 57 40 86 78 88 21 26 91 14 80 37 9 55 90 93 72 74 20 67 5 42 73 54 25 46 83 3 70 95 51 15 77 76 99 63 24 72 1 17 82 78 48 65 10 47 11 37 66 19 98 61 49 50 33 94 55 35 23 69 22 7 30 45 28 44 87 68 71 31 60 53 36 8 58 18 79 32 75 84 43 38 6 98 25 84 28 34 51 71 41 62 92 20 90 3 32 12 47 55 77 66 80 79 44 19 82 72 21 7 23 42 46 36 74 60 15 64 93 26 24 57 27 85 40 9 13 50 58 68 54 14 48 88 2 94 45 96 23 35 11 4 39 86 76 22 10 59 73 49 53 87 18 31 52 49 99 69 70 30 33 67 19 17 63 61 95 16 8 29 97 65 37 5 43 85 1 91 83 14 11 67 35 60 99 94 77 86 46 64 29 56 58 5 51 84 1 40 74 59 22 81 89 54 76 7 49 53 18 87 17 93 78 3 95 82 75 6 28 98 62 9 25 88 2 37 72 61 71 80 47 38 63 97 24 34 31 50 33 24 70 53 97 75 81 58 47 13 94 46 52 57 43 5 82 79 39 83 10 14 34 95 77 4 65 2 21 51 26 48 7 78 22 1 76 74 19 31 44 50 23 28 60 37 62 66 12 32 55 85 35 29 9 18 36 40 67 49 98 73 38 71 69 84 45 61 63 16 92 93 25 54 96 8 90 15 3 42 86 89 64 6 11 99 59 80 41 91 68 17 20 56 88 27 30 87 72 43 63 69 44 89 17 51 21 40 50 14 52 42 16 47 33 56 28 83 12 92 60 67 85 78 30 55 74 72 24 90 97 22 61 93 49 20 68 32 45 23 98 75 13 99 82 87 16 71 6 65 54 4 34 27 11 9 77 79 1 66 36 96 88 57 41 19 81 3 10 35 80 43 53 8 94 15 58 84 48 91 5 64 59 73 21 30 90 76 88 5 92 20 96 86 97 61 24 98 28 58 39 25 57 48 12 74 66 47 17 91 22 19 62 71 11 34 67 31 81 10 77 1 54 2 9 85 68 8 36 45 64 26 75 51 23 29 70 32 38 55 52 35 7 3 4 16 56 40 50 14 60 78 46 95 80 94 18 93 83 87 41 53 73 59 44 37 33 49 72 82 69 65 42 79 15 89 63 13 84 99 44 34 35 15 56 0 52 53 59 88 85 81 41 3 94 8 99 31 50 69 89 6 72 19 32 48 92 93 26 39 60 82 91 12 25 84 28 30 54 80 13 14 83 10 42 29 74 7 73 78 51 18 61 76 64 49 23 79 97 27 21 86 47 36 45 87 96 57 33 22 46 37 55 63 58 17 11 43 14 95 29 62 69 60 44 33 86 2 4 76 58 67 59 32 9 39 25 66 56 89 55 78 42 16 85 21 63 83 84 96 28 47 34 30 51 10 88 18 72 79 91 57 46 12 54 41 92 23 19 70 94 40 82 8 75 73 3 81 36 64 93 68 98 65 71 80 5 31 13 52 6 35 7 53 17 24 37 90 1 49 15 38 45 61 99 27 77 87 48 50 74 77 64 49 17 74 90 54 76 62 78 55 97 10 61 50 83 6 68 96 13 95 22 53 4 15 8 41 16 26 32 5 82 9 80 89 7 25 29 27 92 94 40 85 57 70 46 66 48 93 2 72 51 28 86 60 30 79 1 23 56 12 81 34 11 33 73 65 58 98 69 18 19 87 14 84 36 20 43 67 39 35 31 47 88 91 37 75 38 21 45 42 44 63 52 71 99 59 24 7 13 46 67 60 89 4 38 95 17 82 83 41 10 25 74 52 26 41 84 20 98 31 77 36 47 2 72 45 16 79 58 14 71 3 5 75 93 44 28 65 21 97 1 73 66 88 91 87 92 42 94 19 35 15 64 37 39 70 36 78 48 51 86 29 30 32 23 49 22 24 11 99 62 40 34 90 43 33 55 59 76 96 69 50 80 85 53 54 6 57 61 8 9 63 18 56 26 68 27 12 81
done
93 65 18 67 4 72 40 87 45 6 27 22 62 69 31 42 53 95 82 9 26 73 51 74 77 43 63 66 79 90 15 70 48 44 39 68 5 78 52 16 71 86 29 2 84 49 8 58 59 35 32 75 88 92 38 13 57 76 60 64 89 55 94 30 41 56 28 50 95 41 4 89 91 12 21 23 76 77 53 20 67 90 37 15 13 88 40 99 36 92 8 31 50 19 56 48 55 6 33 14 82 84 93 10 62 35 66 60 81 83 25 57 18 49 32 63 97 29 43 75 70 73 83 76 16 38 3 45 9 34 30 86 5 86 39 68 69 65 98 64 2 59 46 22 61 7 54 42 94 11 46 80 24 47 26 85 96 58 78 51 71 17 44 28 52 1 74 27 79 87 72 33 46 77 63 69 29 33 13 23 6 57 92 16 37 2 40 21 49 8 76 58 79 18 63 7 64 48 3 72 83 50 43 78 26 59 93 37 31 27 95 17 28 87 17 62 15 30 47 39 11 5 74 51 9 97 60 19 84 6 22 96 14 25 91 73 61 80 41 24 56 99 42 65 86 70 12 54 35 34 44 36 94 66 89 71 52 75 10 68 4 81 90 82 38 60 20 53 32 66 35 96 30 1 95 8 15 18 60 56 94 19 68 89 16 87 11 63 58 42 2 73 43 81 67 5 4 26 52 90 91 57 28 99 36 79 29 75 71 82 48 93 77 32 13 38 3 40 74 7 33 88 69 20 61 76 98 94 22 49 31 54 47 92 9 83 80 72 10 46 44 55 85 37 12 27 41 70 62 86 51 24 17 50 45 64 84 25 97 59 23 34 21 14 39 65 6 93 65 89 83 30 11 41 43 21 37 47 8 82 86 23 45 49 90 1 28 60 54 59 40 32 9 98 51 4 97 10 19 7 18 63 14 26 52 78 56 5 74 2 79 84 34 13 91 67 95 27 72 20 92 35 42 64 76 31 68 69 3 12 94 87 57 80 61 44 48 53 75 33 24 77 70 96 39 81 25 55 22 58 16 88 50 17 66 85 73 99 36 71 6 38 62 15 29 46 7 53 40 54 31 93 19 98 37 32 61 50 86 44 29 73 39 33 78 26 24 81 57 59 45 64 2 41 65 6 91 79 55 15 13 63 21 83 27 14 66 43 8 97 23 85 1 67 89 25 48 10 52 88 28 58 62 3 94 9 12 18 49 60 42 4 72 16 47 36 46 96 69 71 30 82 99 56 20 38 35 68 22 90 76 11 95 17 34 75 92 87 74 5 84 70 51 80 77 39 46 92 81 48 89 80 34 29 68 30 96 42 27 61 97 17 72 40 44 8 93 45 14 41 7 64 60 95 58 53 77 79 86 74 9 18 66 15 70 63 32 23 4 90 28 2 38 98 76 24 56 20 57 50 65 6 85 62 47 78 37 75 22 88 82 52 16 87 31 25 67 35 69 12 21 91 51 59 11 26 84 43 99 36 55 49 19 71 54 3 83 94 33 69 24 23 47 36 64 87 59 70 57 6 98 53 25 85 84 67 77 82 65 27 73 29 21 76 43 50 30 40 31 61 17 90 13 75 34 35 19 45 80 2 66 32 4 9 83 54 86 94 51 68 71 41 96 42 22 91 28 3 89 55 97 78 99 12 18 15 56 48 98 69 75 18 1 81 44 43 52 30 31 45 58 29 73 36 95 22 94 25 34 39 19 64 83 65 99 62 12 82 77 96 56 15 41 79 71 66 89 13 50 10 47 20 54 68 27 46 5 49 32 67 16 38 92 23 24 11 63 51 35 48 74 28 8 53 2 17 87 70 33 42 7 84 85 4 6 60 61 62 59 76 57 40 86 78 88 21 26 91 14 80 37 9 55 90 93 72 74 20 67 5 42 73 54 25 46 83 3 70 95 51 15 77 76 99 63 24 72 1 17 82 78 48 65 10 47 11 37 66 19 98 61 49 50 33 94 55 35 23 69 22 7 30 45 28 44 87 68 71 31 60 53 36 8 58 18 79 32 75 84 43 38 6 98 25 84 28 34 51 71 41 62 92 20 90 3 32 12 47 55 77 66 80 79 44 19 82 72 21 7 23 42 46 36 74 60 15 64 93 26 24 57 27 85 40 9 13 50 58 68 54 14 48 88 2 94 45 96 23 35 11 4 39 86 76 22 10 59 73 49 53 87 18 31 52 49 99 69 70 30 33 67 19 17 63 61 95 16 8 29 97 65 37 5 43 85 1 91 83 14 11 67 35 60 99 94 77 86 46 64 29 56 58 5 51 84 1 40 74 59 22 81 89 54 76 7 49 53 18 87 17 93 78 3 95 82 75 6 28 98 62 9 25 88 2 37 72 61 71 80 47 38 63 97 24 34 31 50 33 24 70 53 97 75 81 58 47 13 94 46 52 57 43 5 82 79 39 83 10 14 34 95 77 4 65 2 21 51 26 48 7 78 22 1 76 74 19 31 44 50 23 28 60 37 62 66 12 32 55 85 35 29 9 18 36 40 67 49 98 73 38 71 69 84 45 61 63 16 92 93 25 54 96 8 90 15 3 42 86 89 64 6 11 99 59 80 41 91 68 17 20 56 88 27 30 87 72 43 63 69 44 89 17 51 21 40 50 14 52 42 16 47 33 56 28 83 12 92 60 67 85 78 30 55 74 72 24 90 97 22 61 93 49 20 68 32 45 23 98 75 13 99 82 87 16 71 6 65 54 4 34 27 11 9 77 79 1 66 36 96 88 57 41 19 81 3 10 35 80 43 53 8 94 15 58 84 48 91 5 64 59 73 21 30 90 76 88 5 92 20 96 86 97 61 24 98 28 58 39 25 57 48 12 74 66 47 17 91 22 19 62 71 11 34 67 31 81 10 77 1 54 2 9 85 68 8 36 45 64 26 75 51 23 29 70 32 38 55 52 35 7 3 4 16 56 40 50 14 60 78 46 95 80 94 18 93 83 87 41 53 73 59 44 37 33 49 72 82 69 65 42 79 15 89 63 13 84 99 44 34 35 15 56 0 52 53 59 88 85 81 41 3 94 8 99 31 50 69 89 6 72 19 32 48 92 93 26 39 60 82 91 12 25 84 28 30 54 80 13 14 83 10 42 29 74 7 73 78 51 18 61 76 64 49 23 79 97 27 21 86 47 36 45 87 96 57 33 22 46 37 55 63 58 17 11 43 14 95 29 62 69 60 44 33 86 2 4 76 58 67 59 32 9 39 25 66 56 89 55 78 42 16 85 21 63 83 84 96 28 47 34 30 51 10 88 18 72 79 91 57 46 12 54 41 92 23 19 70 94 40 82 8 75 73 3 81 36 64 93 68 98 65 71 80 5 31 13 52 6 35 7 53 17 24 37 90 1 49 15 38 45 61 99 27 77 87 48 50 74 77 64 49 17 74 90 54 76 62 78 55 97 10 61 50 83 6 68 96 13 95 22 53 4 15 8 41 16 26 32 5 82 9 80 89 7 25 29 27 92 94 40 85 57 70 46 66 48 93 2 72 51 28 86 60 30 79 1 23 56 12 81 34 11 33 73 65 58 98 69 18 19 87 14 84 36 20 43 67 39 35 31 47 88 91 37 75 38 21 45 42 44 63 52 71 99 59 24 7 13 46 67 60 89 4 38 95 17 82 83 41 10 25 74 52 26 41 84 20 98 31 77 36 47 2 72 45 16 79 58 14 71 3 5 75 93 44 28 65 21 97 1 73 66 88 91 87 92 42 94 19 35 15 64 37 39 70 36 78 48 51 86 29 30 32 23 49 22 24 11 99 62 40 34 90 43 33 55 59 76 96 69 50 80 85 53 54 6 57 61 8 9 63 18 56 26 68 27 12 81
